               9	              6D
               7	             330
               7	             324
               7	             315
               7	             154
               7	             149
               7	             140
               7	             136
               7	              DE
               7	              D1
               7	              C4
               7	              BA
               7	              B0
               7	              A6
               7	              9D
               7	              60
               7	              54
               7	              43
               7	              38
               7	               F
               7	               7
               7	               0
               6	             275
               6	             177
               5	             2E7
               5	             18D
               5	             181
               4	             12A
               4	             10F
               4	              17
               1	             2C7
               1	             222
               1	             1E1
               1	             169
               1	             160
               1	             121
               1	              FD
               1	              EB
               1	              8E
               1	              7F
               1	              27
