               9	              75
               7	             358
               7	             34F
               7	             343
               7	             199
               7	             17F
               7	             172
               7	             167
               7	             15D
               7	              FD
               7	              F6
               7	              E5
               7	              CB
               7	              C3
               7	              B9
               7	              68
               7	              5C
               7	              4D
               7	              41
               7	              1A
               7	               D
               7	               0
               6	             282
               6	              DB
               5	             315
               5	             1AF
               5	             1A3
               4	             151
               4	             130
               4	              23
               1	             2D4
               1	             256
               1	             203
               1	             18A
               1	             142
               1	             11E
               1	             10D
               1	              D4
               1	              99
               1	              87
               1	              33
