               7	             A0C
               7	             9F3
               7	             9D9
               7	             37C
               7	             368
               7	             357
               7	             347
               7	             23F
               7	             22C
               7	             215
               7	             201
               7	             1DE
               7	             1C3
               7	             103
               7	              E8
               7	              CE
               7	              BB
               7	              31
               7	               0
               6	             3EA
               6	             1EF
               6	             118
               6	              21
               4	             826
               3	             97F
               3	             414
               3	             3FE
               2	             331
               2	             2DF
               2	              3D
               1	             952
               1	             906
               1	             8C8
               1	             783
               1	             6DF
               1	             63A
               1	             5CD
               1	             54D
               1	             4BA
               1	             3D2
               1	             3B8
               1	             39C
               1	             38F
               1	             31E
               1	             30E
               1	             301
               1	             2BD
               1	             29B
               1	             279
               1	             257
               1	             1D0
               1	             1AA
               1	             18E
               1	             175
               1	             159
               1	             13A
               1	              9A
               1	              7A
               1	              5B
               1	              12
