               7	             AB0
               7	             A97
               7	             3D2
               7	             3B8
               7	             3A5
               7	             394
               7	             27B
               7	             263
               7	             249
               7	             216
               7	             201
               7	             1F0
               7	              EE
               7	              DA
               7	              BF
               7	              AB
               7	              28
               7	              15
               7	               0
               6	             AD5
               6	             414
               6	             237
               6	             100
               4	             862
               3	             A3D
               3	             46B
               3	             455
               2	             37E
               2	             314
               2	              38
               1	             AC4
               1	             9F1
               1	             984
               1	             904
               1	             7BF
               1	             743
               1	             6ED
               1	             649
               1	             5A4
               1	             511
               1	             43D
               1	             424
               1	             405
               1	             3E9
               1	             36B
               1	             352
               1	             336
               1	             2F2
               1	             2D0
               1	             2AF
               1	             28F
               1	             229
               1	             1B2
               1	             190
               1	             163
               1	             141
               1	             122
               1	              91
               1	              75
               1	              56
