               7	             AD2
               7	             ABE
               7	             44E
               7	             407
               7	             3ED
               7	             3D9
               7	             3C6
               7	             2A4
               7	             28F
               7	             274
               7	             246
               7	             233
               7	             222
               7	              F8
               7	              BA
               7	              A3
               7	              26
               7	              14
               7	               0
               6	             AED
               6	             264
               6	             110
               6	              E4
               4	             842
               3	             A64
               3	             4AE
               3	             498
               2	             3B0
               2	             33A
               2	              37
               1	             ADF
               1	             9F7
               1	             977
               1	             8E4
               1	             7C6
               1	             770
               1	             740
               1	             69D
               1	             5F9
               1	             554
               1	             47F
               1	             463
               1	             421
               1	             397
               1	             37B
               1	             35C
               1	             318
               1	             2F7
               1	             2D7
               1	             2B8
               1	             259
               1	             1D6
               1	             1B4
               1	             176
               1	             154
               1	             132
               1	              D3
               1	              8B
               1	              71
               1	              55
