               7	             A88
               7	             A74
               7	             A59
               7	             3B0
               7	             399
               7	             386
               7	             375
               7	             265
               7	             253
               7	             239
               7	             203
               7	             1D4
               7	              F9
               7	              E0
               7	              C6
               7	              B3
               7	              2D
               7	              18
               7	               0
               6	             3EB
               6	             225
               6	             1F3
               6	             10C
               4	             866
               3	             9FF
               3	             445
               3	             42F
               2	             35F
               2	             301
               2	              3A
               1	             9B3
               1	             975
               1	             908
               1	             7C3
               1	             71F
               1	             6A3
               1	             5FE
               1	             57E
               1	             4EB
               1	             417
               1	             3FD
               1	             3DD
               1	             3C4
               1	             34C
               1	             33C
               1	             323
               1	             2DF
               1	             2BD
               1	             29B
               1	             27A
               1	             214
               1	             1E4
               1	             1A7
               1	             185
               1	             169
               1	             14D
               1	             12E
               1	              97
               1	              77
               1	              58
