               7	            18CC
               7	             737
               7	             70C
               7	             6E9
               7	             508
               7	             4DB
               7	             168
               7	             142
               6	            18F8
               6	             892
               6	             4B4
               6	             48F
               6	             1C2
               6	             196
               6	               0
               2	             1E8
               1	            17F4
               1	            1709
               1	            1695
               1	            1610
               1	            1559
               1	            14C3
               1	            1380
               1	            123C
               1	            10F7
               1	             FB1
               1	             EB3
               1	             DA2
               1	             C7E
               1	             B48
               1	             A01
               1	             8B9
               1	             862
               1	             821
               1	             7F2
               1	             7C4
               1	             794
               1	             762
               1	             6B6
               1	             676
               1	             635
               1	             5F3
               1	             5B1
               1	             56F
               1	             530
               1	             42C
               1	             3DA
               1	             3A4
               1	             36B
               1	             32F
               1	             2F0
               1	             2AE
               1	             26C
               1	             22A
               1	             104
               1	              C7
               1	              8D
               1	              56
               1	              22
