               7	             6CD
               7	             6A4
               7	             681
               7	             662
               7	             45D
               7	             41C
               7	             182
               7	             137
               7	             111
               7	               0
               6	            1679
               6	            1651
               6	             6F5
               6	             43B
               6	             3FF
               6	             15E
               3	             1A5
               1	            15A2
               1	            1514
               1	            1494
               1	            13D2
               1	            12FD
               1	            1215
               1	            10FB
               1	             FE0
               1	             EC4
               1	             DA7
               1	             C89
               1	             B6A
               1	             A6F
               1	             961
               1	             841
               1	             7F4
               1	             7CC
               1	             7A5
               1	             77C
               1	             740
               1	             715
               1	             637
               1	             609
               1	             5D8
               1	             59E
               1	             564
               1	             52B
               1	             4F3
               1	             4BC
               1	             486
               1	             390
               1	             332
               1	             2F8
               1	             2BE
               1	             284
               1	             250
               1	             219
               1	             1DF
               1	              E6
               1	              B9
               1	              8A
               1	              55
               1	              23
