               7	             603
               7	             5E5
               7	             5C1
               7	             5A6
               7	             3C2
               7	             38B
               7	             36F
               7	             355
               7	             149
               7	             10A
               7	              E7
               7	               0
               6	            12D9
               6	            12B8
               6	             627
               6	             3A5
               6	             12D
               4	             169
               2	             DF2
               1	            1232
               1	            11BA
               1	            1121
               1	            1075
               1	             FB6
               1	             EE4
               1	             CFF
               1	             C0B
               1	             B16
               1	             A20
               1	             929
               1	             844
               1	             74C
               1	             72C
               1	             70A
               1	             6E7
               1	             6C1
               1	             68A
               1	             642
               1	             583
               1	             55D
               1	             534
               1	             508
               1	             4D6
               1	             4A4
               1	             473
               1	             443
               1	             414
               1	             3E6
               1	             2FC
               1	             292
               1	             260
               1	             22E
               1	             1FC
               1	             1CA
               1	             19B
               1	              C3
               1	              9D
               1	              75
               1	              4B
               1	              1E
