               7	            18F7
               7	            18CA
               7	             68A
               7	             664
               7	             4B1
               7	             464
               7	             1AC
               7	             181
               6	             7A0
               6	             48F
               6	             438
               6	             411
               6	             1DA
               6	              26
               6	               0
               2	             1FF
               1	            1878
               1	            1815
               1	            17A1
               1	            171C
               1	            1665
               1	            15CF
               1	            148C
               1	            1348
               1	            1203
               1	            10BD
               1	             F76
               1	             E2E
               1	             D56
               1	             C6B
               1	             B6D
               1	             A5C
               1	             938
               1	             802
               1	             7CB
               1	             771
               1	             743
               1	             713
               1	             6E1
               1	             6AD
               1	             622
               1	             5E0
               1	             59E
               1	             55C
               1	             51A
               1	             4D9
               1	             3D0
               1	             3A0
               1	             36D
               1	             337
               1	             2FE
               1	             2C2
               1	             283
               1	             241
               1	             141
               1	             102
               1	              C4
               1	              87
               1	              4D
