               7	             71B
               7	             6F2
               7	             6CC
               7	             6AD
               7	             47B
               7	             438
               7	             415
               7	             3F6
               7	             105
               7	               0
               6	            1676
               6	            1652
               6	             7A2
               6	             45B
               6	             155
               6	             12D
               3	             174
               1	            15C4
               1	            1515
               1	            1453
               1	            137E
               1	            1296
               1	            119B
               1	            1081
               1	             F66
               1	             E4A
               1	             D2D
               1	             C0F
               1	             AF0
               1	             9D0
               1	             8C2
               1	             89B
               1	             873
               1	             848
               1	             80C
               1	             7BF
               1	             744
               1	             682
               1	             654
               1	             623
               1	             5EF
               1	             5B5
               1	             57C
               1	             544
               1	             50D
               1	             4D7
               1	             4A2
               1	             376
               1	             33C
               1	             2CD
               1	             293
               1	             259
               1	             21F
               1	             1E5
               1	             1AE
               1	              DC
               1	              B1
               1	              84
               1	              55
               1	              23
