               7	             6CD
               7	             6AA
               7	             681
               7	             662
               7	             45D
               7	             3FF
               7	             182
               7	             137
               7	             111
               7	               0
               6	            1679
               6	            1651
               6	             821
               6	             43B
               6	             41E
               6	             15E
               3	             1A5
               1	            15A2
               1	            14E0
               1	            140B
               1	            1323
               1	            1295
               1	            1215
               1	            10FB
               1	             FE0
               1	             EC4
               1	             DC9
               1	             CBB
               1	             B9E
               1	             A80
               1	             961
               1	             841
               1	             7F9
               1	             7CE
               1	             792
               1	             745
               1	             71E
               1	             6F5
               1	             637
               1	             609
               1	             5D8
               1	             59F
               1	             567
               1	             530
               1	             4F6
               1	             4BC
               1	             486
               1	             390
               1	             332
               1	             2FE
               1	             2C7
               1	             28D
               1	             253
               1	             219
               1	             1DF
               1	              DC
               1	              AA
               1	              7F
               1	              52
               1	              23
