               7	             791
               7	             764
               7	             73E
               7	             525
               7	             4DB
               7	             1BC
               7	             165
               7	             13A
               6	            18FC
               6	            18D0
               6	             7BC
               6	             4FE
               6	             4B9
               6	             191
               6	               0
               2	             1E4
               1	            184B
               1	            17B5
               1	            16FE
               1	            1626
               1	            153B
               1	            143D
               1	            12FA
               1	            11B6
               1	            1071
               1	             F2B
               1	             DE4
               1	             C9C
               1	             B66
               1	             A55
               1	             931
               1	             8DF
               1	             8B1
               1	             881
               1	             852
               1	             811
               1	             7E1
               1	             70B
               1	             6D5
               1	             693
               1	             651
               1	             610
               1	             5D0
               1	             591
               1	             553
               1	             456
               1	             3E2
               1	             3A0
               1	             35E
               1	             31C
               1	             2DA
               1	             2A1
               1	             265
               1	             226
               1	             103
               1	              D1
               1	              9D
               1	              63
               1	              26
