               7	            1671
               7	            1648
               7	             5DC
               7	             5B9
               7	             43B
               7	             3F8
               7	             198
               7	             170
               7	             151
               7	               0
               6	             6D2
               6	             41E
               6	             3D0
               6	             3B1
               6	             1C1
               6	              23
               3	             1E1
               1	            1599
               1	            154C
               1	            14EE
               1	            147F
               1	            13F1
               1	            1371
               1	            1257
               1	            113C
               1	            1020
               1	             F03
               1	             DE5
               1	             CC6
               1	             C04
               1	             B2F
               1	             A47
               1	             94C
               1	             83E
               1	             71E
               1	             6F6
               1	             6AB
               1	             682
               1	             657
               1	             62A
               1	             5FB
               1	             57F
               1	             545
               1	             50B
               1	             4D1
               1	             497
               1	             45E
               1	             375
               1	             34A
               1	             31F
               1	             2F1
               1	             2C0
               1	             28C
               1	             255
               1	             21B
               1	             119
               1	              E2
               1	              AC
               1	              77
               1	              45
