               7	            1647
               7	             62D
               7	             60E
               7	             5E8
               7	             441
               7	             419
               7	             18E
               7	             165
               7	             146
               7	               0
               6	            1670
               6	             650
               6	             3F5
               6	             3D3
               6	             1B5
               6	              23
               3	             1D2
               1	            15E9
               1	            157A
               1	            14EC
               1	            146C
               1	            13BD
               1	            12FB
               1	            11E1
               1	            10C6
               1	             FAA
               1	             E8D
               1	             D6F
               1	             C50
               1	             B30
               1	             A5B
               1	             973
               1	             878
               1	             76A
               1	             743
               1	             71A
               1	             6EF
               1	             6C2
               1	             69A
               1	             66F
               1	             5BD
               1	             583
               1	             549
               1	             50F
               1	             4D5
               1	             49C
               1	             464
               1	             397
               1	             34A
               1	             310
               1	             2D6
               1	             2A8
               1	             277
               1	             243
               1	             20C
               1	             114
               1	              E5
               1	              AE
               1	              78
               1	              43
