               7	            18C9
               7	             6E3
               7	             6B8
               7	             4DE
               7	             1C8
               7	             19B
               7	             178
               7	               0
               6	            18F7
               6	             739
               6	             509
               6	             4B3
               6	             48C
               6	             1F4
               6	              28
               2	             216
               1	            1866
               1	            17F2
               1	            176D
               1	            16B6
               1	            1620
               1	            1548
               1	            1405
               1	            12C1
               1	            117C
               1	            1036
               1	             EEF
               1	             DA7
               1	             CBC
               1	             BBE
               1	             AAD
               1	             989
               1	             853
               1	             824
               1	             7F6
               1	             7C6
               1	             794
               1	             760
               1	             709
               1	             676
               1	             634
               1	             5F2
               1	             5B0
               1	             56F
               1	             52F
               1	             43A
               1	             3F8
               1	             3B7
               1	             384
               1	             34E
               1	             315
               1	             2D9
               1	             29A
               1	             258
               1	             141
               1	             102
               1	              C4
               1	              87
               1	              4D
