               7	            12D0
               7	            12AC
               7	             526
               7	             508
               7	             4EE
               7	             380
               7	             366
               7	             343
               7	             15E
               7	             13A
               7	             11F
               7	               0
               6	             619
               6	             322
               6	             308
               6	             182
               6	              1E
               4	             19D
               2	             F18
               1	            1226
               1	            118D
               1	            1145
               1	            10EC
               1	            1074
               1	            100A
               1	             E25
               1	             D31
               1	             C3C
               1	             B46
               1	             A9A
               1	             9DB
               1	             909
               1	             824
               1	             72D
               1	             635
               1	             5F9
               1	             5D6
               1	             5B4
               1	             590
               1	             56A
               1	             542
               1	             4CB
               1	             499
               1	             467
               1	             435
               1	             403
               1	             3D1
               1	             3A0
               1	             2D1
               1	             2AB
               1	             285
               1	             25C
               1	             230
               1	             201
               1	             1CF
               1	              EF
               1	              C0
               1	              92
               1	              65
               1	              3B
