               7	             DE9
               7	             4EE
               7	             4CF
               7	             4B8
               7	             4A2
               7	             311
               7	             2F2
               7	             2C5
               7	             2AD
               7	             298
               7	             117
               7	              DE
               7	              C3
               7	               0
               6	             E05
               6	             50D
               6	             2DD
               6	              FE
               5	             132
               3	             A8B
               2	             D79
               2	             5CE
               2	             581
               1	             D17
               1	             C94
               1	             BFE
               1	             B55
               1	             9C0
               1	             8F4
               1	             827
               1	             759
               1	             69D
               1	             59C
               1	             564
               1	             546
               1	             525
               1	             487
               1	             469
               1	             448
               1	             424
               1	             3FA
               1	             3D0
               1	             3A6
               1	             37D
               1	             355
               1	             32E
               1	             244
               1	             201
               1	             1D7
               1	             1AD
               1	             183
               1	             15C
               1	              A4
               1	              83
               1	              60
               1	              3A
               1	              15
