               7	             978
               7	             40A
               7	             3C3
               7	             3A9
               7	             395
               7	             382
               7	             25F
               7	             244
               7	             221
               7	             20E
               7	             1FD
               7	              D3
               7	              A6
               7	              8F
               7	              12
               7	               0
               6	             98C
               6	             234
               6	              EB
               6	              BF
               4	             6FC
               3	             91E
               3	             46A
               3	             454
               2	             36C
               2	             2F6
               2	              23
               1	             8B1
               1	             831
               1	             79E
               1	             659
               1	             5B5
               1	             510
               1	             43B
               1	             41F
               1	             3DD
               1	             353
               1	             337
               1	             318
               1	             2D4
               1	             2B3
               1	             293
               1	             274
               1	             1B1
               1	             18F
               1	             151
               1	             12F
               1	             10D
               1	              77
               1	              5D
               1	              41
