               7	            12AE
               7	             572
               7	             54F
               7	             534
               7	             3A4
               7	             380
               7	             32D
               7	             17A
               7	             157
               7	             133
               7	             117
               7	               0
               6	            12D2
               6	             5FC
               6	             364
               6	             347
               6	              20
               4	             194
               2	             EB6
               1	            1228
               1	            118F
               1	            10E3
               1	            108A
               1	            1012
               1	             FA8
               1	             DC3
               1	             CCF
               1	             BDA
               1	             B1B
               1	             A49
               1	             964
               1	             86E
               1	             777
               1	             67F
               1	             65F
               1	             63C
               1	             616
               1	             5DA
               1	             5B6
               1	             590
               1	             511
               1	             4EB
               1	             4B9
               1	             488
               1	             456
               1	             424
               1	             3F2
               1	             3C2
               1	             2E5
               1	             2AE
               1	             285
               1	             259
               1	             22A
               1	             1F8
               1	             1C6
               1	              E8
               1	              BA
               1	              8D
               1	              65
               1	              3B
