               7	             7E5
               7	             7B7
               7	             78C
               7	             769
               7	             51E
               7	             4AD
               7	             12F
               7	               0
               6	            18FC
               6	            18D1
               6	             812
               6	             4F9
               6	             4D3
               6	             186
               6	             15A
               2	             1AD
               1	            183B
               1	            1763
               1	            1678
               1	            157A
               1	            1469
               1	            13B2
               1	            126F
               1	            112B
               1	             FF5
               1	             EB0
               1	             D6A
               1	             C23
               1	             ADB
               1	             9B7
               1	             976
               1	             924
               1	             8C1
               1	             893
               1	             863
               1	             834
               1	             736
               1	             700
               1	             6C7
               1	             685
               1	             645
               1	             606
               1	             5C8
               1	             587
               1	             54A
               1	             428
               1	             3B4
               1	             372
               1	             330
               1	             2EE
               1	             2AC
               1	             26A
               1	             22E
               1	             1EF
               1	              F5
               1	              BE
               1	              8E
               1	              5C
               1	              28
