               7	             989
               7	             970
               7	             956
               7	             306
               7	             2F2
               7	             2E1
               7	             209
               7	             1F6
               7	             1DF
               7	             1CB
               7	             1A8
               7	              E8
               7	              CD
               7	              B3
               7	              A0
               7	               0
               6	             367
               6	             1B9
               6	              FD
               6	              12
               4	             7A3
               3	             8FC
               3	             391
               3	             37B
               2	             2CB
               2	             2A9
               2	              22
               1	             8CF
               1	             883
               1	             845
               1	             700
               1	             65C
               1	             5B7
               1	             54A
               1	             4CA
               1	             437
               1	             34F
               1	             335
               1	             319
               1	             287
               1	             265
               1	             243
               1	             221
               1	             18F
               1	             173
               1	             15A
               1	             13E
               1	             11F
               1	              7F
               1	              5F
               1	              40
