               7	            1647
               7	             62D
               7	             607
               7	             5E8
               7	             441
               7	             419
               7	             18E
               7	             165
               7	             146
               7	               0
               6	            1670
               6	             67B
               6	             3F5
               6	             3D3
               6	             1B5
               6	              23
               3	             1D2
               1	            1598
               1	            153A
               1	            14CB
               1	            143D
               1	            13BD
               1	            12FB
               1	            11E1
               1	            10C6
               1	             FAA
               1	             E8D
               1	             D6F
               1	             C50
               1	             B7B
               1	             A93
               1	             998
               1	             88A
               1	             76A
               1	             742
               1	             71B
               1	             6F2
               1	             6C7
               1	             69A
               1	             650
               1	             5BD
               1	             583
               1	             549
               1	             50F
               1	             4D5
               1	             49C
               1	             464
               1	             386
               1	             34C
               1	             310
               1	             2E2
               1	             2B1
               1	             27D
               1	             246
               1	             20C
               1	             117
               1	              E0
               1	              AA
               1	              75
               1	              43
