               7	            1671
               7	            1648
               7	             5DC
               7	             5B9
               7	             43B
               7	             3F8
               7	             198
               7	             170
               7	             151
               7	               0
               6	             623
               6	             41E
               6	             3D0
               6	             3B1
               6	             1C1
               6	              23
               3	             1E1
               1	            15FB
               1	            159D
               1	            152E
               1	            14A0
               1	            1420
               1	            1371
               1	            1257
               1	            113C
               1	            1020
               1	             F03
               1	             DE5
               1	             CC6
               1	             BA6
               1	             AE4
               1	             A0F
               1	             927
               1	             82C
               1	             71E
               1	             6F7
               1	             6CE
               1	             6A3
               1	             676
               1	             647
               1	             5FB
               1	             57F
               1	             545
               1	             50B
               1	             4D1
               1	             497
               1	             45E
               1	             375
               1	             33B
               1	             310
               1	             2E5
               1	             2B7
               1	             286
               1	             252
               1	             21B
               1	             11F
               1	              E7
               1	              B0
               1	              7A
               1	              45
