               7	             6C4
               7	             647
               7	             623
               7	             600
               7	             5E4
               7	             3D7
               7	             39E
               7	             380
               7	             365
               7	              F8
               7	              20
               7	               0
               6	            12D6
               6	            12BA
               6	             3BC
               6	             13D
               6	             11C
               4	             157
               2	             D87
               1	            1234
               1	            119B
               1	            10EF
               1	            1030
               1	             F5E
               1	             E79
               1	             C94
               1	             BA0
               1	             AAB
               1	             9B5
               1	             8BE
               1	             7C6
               1	             7A6
               1	             783
               1	             75D
               1	             726
               1	             6DE
               1	             66B
               1	             5C1
               1	             59B
               1	             572
               1	             546
               1	             517
               1	             4E5
               1	             4B4
               1	             484
               1	             455
               1	             427
               1	             3FA
               1	             2ED
               1	             2BB
               1	             251
               1	             21F
               1	             1ED
               1	             1BB
               1	             189
               1	              D6
               1	              B2
               1	              8C
               1	              64
               1	              3A
