               7	             DE3
               7	             4AE
               7	             496
               7	             477
               7	             462
               7	             2F4
               7	             2D5
               7	             290
               7	             13D
               7	             121
               7	             102
               7	              EB
               7	              1D
               7	               0
               6	             E03
               6	             55F
               6	             2BE
               6	             2A6
               5	             152
               3	             ADA
               2	             D73
               2	             574
               2	             544
               1	             CF0
               1	             C5A
               1	             BF8
               1	             BA4
               1	             A0F
               1	             943
               1	             89A
               1	             7DE
               1	             711
               1	             643
               1	             526
               1	             505
               1	             4E8
               1	             4C9
               1	             447
               1	             429
               1	             408
               1	             3DE
               1	             3B4
               1	             38B
               1	             361
               1	             337
               1	             30F
               1	             24D
               1	             21B
               1	             1F7
               1	             1D0
               1	             1A6
               1	             17C
               1	              C4
               1	              9E
               1	              7D
               1	              5A
               1	              35
