               7	             5EC
               7	             5DA
               7	             5C4
               7	             21B
               7	             20D
               7	             1FD
               7	             1EF
               7	             166
               7	             156
               7	             144
               7	             135
               7	             11B
               7	              AB
               7	              9B
               7	              87
               7	              72
               7	              64
               7	               F
               7	               0
               6	             264
               6	             128
               5	             4A8
               4	             580
               4	             273
               4	             253
               3	             1DE
               3	             1C4
               3	              1C
               1	             54A
               1	             522
               1	             42D
               1	             3B1
               1	             35A
               1	             2F0
               1	             240
               1	             22B
               1	             1AA
               1	             190
               1	             176
               1	             107
               1	              F0
               1	              DC
               1	              C5
               1	              4B
               1	              33
