               9	              75
               7	             31C
               7	             310
               7	             192
               7	             178
               7	             16B
               7	             160
               7	             156
               7	              F6
               7	              EF
               7	              DE
               7	              CB
               7	              C3
               7	              B9
               7	              68
               7	              5C
               7	              4D
               7	              41
               7	              1A
               7	               D
               7	               0
               6	             24F
               6	              D4
               5	             2E2
               5	             1A8
               5	             19C
               4	             14A
               4	             129
               4	              23
               1	             2A1
               1	             1FC
               1	             183
               1	             13B
               1	             117
               1	             106
               1	              99
               1	              87
               1	              33
