               7	             E00
               7	             DE1
               7	             46B
               7	             450
               7	             43A
               7	             2E9
               7	             2D4
               7	             2B5
               7	             272
               7	             147
               7	             127
               7	             108
               7	              F0
               7	               0
               6	             4DF
               6	             29C
               6	             287
               6	              1B
               5	             15F
               3	             B2B
               2	             D71
               2	             52F
               2	             514
               1	             CEE
               1	             CAB
               1	             C49
               1	             BF5
               1	             A60
               1	             994
               1	             8C7
               1	             831
               1	             788
               1	             6CC
               1	             5FE
               1	             4F6
               1	             4C2
               1	             4A3
               1	             482
               1	             41F
               1	             401
               1	             3D7
               1	             3AD
               1	             383
               1	             359
               1	             32F
               1	             306
               1	             240
               1	             21F
               1	             1FE
               1	             1DA
               1	             1B3
               1	             189
               1	              C8
               1	              A1
               1	              7B
               1	              58
               1	              33
