               7	             791
               7	             76B
               7	             73E
               7	             525
               7	             4B9
               7	             1BC
               7	             165
               7	             13A
               6	            18FC
               6	            18D0
               6	             7BC
               6	             4FE
               6	             4DC
               6	             191
               6	               0
               2	             1E4
               1	            184B
               1	            17B5
               1	            16FE
               1	            1626
               1	            153B
               1	            143D
               1	            12FA
               1	            11B6
               1	            1071
               1	             F2B
               1	             DE4
               1	             C9C
               1	             B66
               1	             A55
               1	             931
               1	             903
               1	             8D3
               1	             8A4
               1	             874
               1	             822
               1	             7E1
               1	             70B
               1	             6D5
               1	             693
               1	             651
               1	             610
               1	             5D0
               1	             591
               1	             553
               1	             456
               1	             3E2
               1	             3A0
               1	             35E
               1	             31C
               1	             2E3
               1	             2A7
               1	             268
               1	             226
               1	             108
               1	              D4
               1	              9D
               1	              63
               1	              26
