               7	            1647
               7	             62D
               7	             607
               7	             5E8
               7	             441
               7	             419
               7	             18E
               7	             165
               7	             146
               7	               0
               6	            1670
               6	             74B
               6	             3F5
               6	             3D3
               6	             1B5
               6	              23
               3	             1D2
               1	            1598
               1	            14D6
               1	            1478
               1	            1409
               1	            137B
               1	            12FB
               1	            11E1
               1	            10C6
               1	             FAA
               1	             E8D
               1	             D6F
               1	             C9A
               1	             BB2
               1	             AB7
               1	             9A9
               1	             88A
               1	             76A
               1	             723
               1	             6F8
               1	             6D1
               1	             6A8
               1	             67D
               1	             650
               1	             5BD
               1	             584
               1	             54A
               1	             510
               1	             4D6
               1	             49C
               1	             464
               1	             386
               1	             34A
               1	             31C
               1	             2EB
               1	             2B7
               1	             280
               1	             246
               1	             20C
               1	             10F
               1	              D9
               1	              A4
               1	              72
               1	              43
