               7	            18C9
               7	             6E3
               7	             6B8
               7	             4DE
               7	             1C8
               7	             19B
               7	             178
               7	               0
               6	            18F7
               6	             739
               6	             509
               6	             4B3
               6	             48C
               6	             1F4
               6	              28
               2	             216
               1	            1866
               1	            17F2
               1	            176D
               1	            16D7
               1	            1620
               1	            1548
               1	            1405
               1	            12C1
               1	            117C
               1	            1036
               1	             EEF
               1	             DA7
               1	             C71
               1	             B86
               1	             A88
               1	             977
               1	             853
               1	             825
               1	             7F5
               1	             7C3
               1	             78F
               1	             760
               1	             709
               1	             676
               1	             634
               1	             5F2
               1	             5B0
               1	             56F
               1	             52F
               1	             43A
               1	             3F8
               1	             3B7
               1	             375
               1	             342
               1	             30C
               1	             2D3
               1	             297
               1	             258
               1	             141
               1	             107
               1	              C8
               1	              8A
               1	              4D
