               7	            18FB
               7	            18CD
               7	            18A2
               7	             615
               7	             418
               7	             3EC
               7	             1AF
               7	             184
               6	             76D
               6	             463
               6	             43E
               6	             3C1
               6	             1DC
               6	              22
               6	               0
               2	             232
               1	            1861
               1	            180F
               1	            17AC
               1	            1738
               1	            16B3
               1	            161D
               1	            14E7
               1	            13A4
               1	            1260
               1	            111B
               1	             FD5
               1	             E8E
               1	             D46
               1	             C6E
               1	             B83
               1	             A85
               1	             974
               1	             850
               1	             799
               1	             733
               1	             6FC
               1	             6CE
               1	             69E
               1	             66C
               1	             638
               1	             5D3
               1	             591
               1	             54F
               1	             50D
               1	             4CB
               1	             489
               1	             391
               1	             35E
               1	             328
               1	             2EF
               1	             2B3
               1	             274
               1	             203
               1	             144
               1	             105
               1	              C7
               1	              8A
               1	              49
