               7	            18CC
               7	             737
               7	             714
               7	             6E9
               7	             508
               7	             4DB
               7	             168
               7	             142
               6	            18F8
               6	             762
               6	             4B4
               6	             48F
               6	             1C2
               6	             196
               6	               0
               2	             1E8
               1	            1858
               1	            17D3
               1	            171C
               1	            1686
               1	            15AE
               1	            14C3
               1	            1380
               1	            123C
               1	            10F7
               1	             FB1
               1	             E6A
               1	             D22
               1	             C24
               1	             B13
               1	             9EF
               1	             8B9
               1	             88A
               1	             85C
               1	             82C
               1	             7FA
               1	             7B9
               1	             789
               1	             6B6
               1	             674
               1	             632
               1	             5F0
               1	             5AF
               1	             56F
               1	             530
               1	             43D
               1	             3DA
               1	             398
               1	             356
               1	             320
               1	             2E7
               1	             2AB
               1	             26C
               1	             22A
               1	             10B
               1	              D7
               1	              99
               1	              5C
               1	              22
