               7	             E00
               7	             DE1
               7	             46B
               7	             450
               7	             43A
               7	             2E9
               7	             2D4
               7	             2B5
               7	             287
               7	             147
               7	             127
               7	             108
               7	              F0
               7	               0
               6	             4A0
               6	             29C
               6	             272
               6	              1B
               5	             15F
               3	             B2B
               2	             D71
               2	             52F
               2	             514
               1	             D2E
               1	             CCC
               1	             C78
               1	             BF5
               1	             A60
               1	             994
               1	             8C7
               1	             7F9
               1	             763
               1	             6BA
               1	             5FE
               1	             4F7
               1	             4D8
               1	             4B7
               1	             482
               1	             41F
               1	             401
               1	             3D7
               1	             3AD
               1	             383
               1	             359
               1	             32F
               1	             306
               1	             240
               1	             216
               1	             1F5
               1	             1D4
               1	             1B0
               1	             189
               1	              CD
               1	              A5
               1	              7E
               1	              58
               1	              33
