               7	             94B
               7	             89A
               7	             841
               7	             816
               7	             512
               7	             4EC
               7	             116
               7	               0
               6	            1901
               6	            18DA
               6	             86E
               6	             563
               6	             53D
               6	             16B
               6	             144
               2	             190
               1	            1802
               1	            1717
               1	            1619
               1	            1508
               1	            13E4
               1	            12AE
               1	            116B
               1	            1027
               1	             EE2
               1	             D9C
               1	             C55
               1	             B0D
               1	             ADD
               1	             A9C
               1	             A4A
               1	             9E7
               1	             973
               1	             8C6
               1	             7E3
               1	             7AD
               1	             774
               1	             738
               1	             6F9
               1	             6B9
               1	             67A
               1	             63C
               1	             5FF
               1	             5C5
               1	             58E
               1	             435
               1	             3F4
               1	             35E
               1	             31C
               1	             2DA
               1	             298
               1	             256
               1	             214
               1	             1D2
               1	              E7
               1	              B9
               1	              89
               1	              57
               1	              23
