               7	             7E5
               7	             7BA
               7	             78C
               7	             769
               7	             51E
               7	             4AD
               7	             12F
               7	               0
               6	            18FC
               6	            18D1
               6	             995
               6	             4F9
               6	             4D3
               6	             186
               6	             15A
               2	             1AD
               1	            17F9
               1	            170E
               1	            1610
               1	            14FF
               1	            1469
               1	            13B2
               1	            126F
               1	            112B
               1	             FF5
               1	             ED1
               1	             D8C
               1	             C46
               1	             AFF
               1	             9B7
               1	             965
               1	             924
               1	             8D2
               1	             86F
               1	             841
               1	             812
               1	             736
               1	             700
               1	             6C7
               1	             687
               1	             648
               1	             60A
               1	             5C8
               1	             587
               1	             54A
               1	             428
               1	             3B4
               1	             378
               1	             339
               1	             2F7
               1	             2B5
               1	             273
               1	             231
               1	             1EF
               1	              F5
               1	              BE
               1	              8E
               1	              5C
               1	              28
