               7	             98A
               7	             96F
               7	             350
               7	             33D
               7	             326
               7	             315
               7	             228
               7	             216
               7	             1FC
               7	             1C7
               7	              EC
               7	              D3
               7	              B9
               7	              A6
               7	              18
               7	               0
               6	             3C5
               6	             1E8
               6	             1D8
               6	              FF
               4	             77C
               3	             915
               3	             3D7
               3	             3AF
               2	             2FF
               2	             2C4
               2	              2D
               1	             8A8
               1	             85C
               1	             81E
               1	             6D9
               1	             635
               1	             5B5
               1	             522
               1	             47D
               1	             396
               1	             37E
               1	             364
               1	             2E6
               1	             2A2
               1	             280
               1	             25E
               1	             23D
               1	             19A
               1	             17E
               1	             162
               1	             143
               1	             121
               1	              86
               1	              67
               1	              4B
