               7	             98A
               7	             96F
               7	             350
               7	             339
               7	             326
               7	             315
               7	             228
               7	             216
               7	             1FC
               7	             1D7
               7	              EC
               7	              D3
               7	              B9
               7	              A6
               7	              18
               7	               0
               6	             37D
               6	             1E8
               6	             1C7
               6	              FF
               4	             77C
               3	             915
               3	             3D7
               3	             3C1
               2	             2FF
               2	             2C4
               2	              2D
               1	             8C9
               1	             88B
               1	             81E
               1	             6D9
               1	             635
               1	             590
               1	             510
               1	             47D
               1	             3A9
               1	             38F
               1	             364
               1	             2E6
               1	             2A2
               1	             280
               1	             25E
               1	             23D
               1	             19A
               1	             178
               1	             15C
               1	             140
               1	             121
               1	              8A
               1	              6A
               1	              4B
