               7	            12AE
               7	             572
               7	             54F
               7	             534
               7	             3A4
               7	             380
               7	             34A
               7	             17A
               7	             157
               7	             133
               7	             117
               7	               0
               6	            12D2
               6	             5B6
               6	             364
               6	             32D
               6	              20
               4	             194
               2	             EB6
               1	            1228
               1	            11CF
               1	            1157
               1	            10ED
               1	            1054
               1	             FA8
               1	             DC3
               1	             CCF
               1	             BDA
               1	             AE4
               1	             9ED
               1	             92E
               1	             85C
               1	             777
               1	             67F
               1	             65F
               1	             63D
               1	             619
               1	             5F3
               1	             5D0
               1	             590
               1	             511
               1	             4EB
               1	             4B9
               1	             487
               1	             455
               1	             423
               1	             3F2
               1	             3C2
               1	             2E5
               1	             2B3
               1	             27C
               1	             24A
               1	             221
               1	             1F5
               1	             1C6
               1	              EF
               1	              C5
               1	              96
               1	              68
               1	              3B
