               7	             971
               7	             38D
               7	             373
               7	             360
               7	             34F
               7	             245
               7	             22B
               7	             206
               7	             1F1
               7	             1E0
               7	              DE
               7	              CA
               7	              AF
               7	              9B
               7	              15
               7	               0
               6	             98A
               6	             3C0
               6	             219
               6	              F0
               4	             73C
               3	             917
               3	             417
               3	             401
               2	             339
               2	             2E2
               2	              28
               1	             8CB
               1	             85E
               1	             7DE
               1	             699
               1	             5F5
               1	             550
               1	             4BD
               1	             3E9
               1	             3D0
               1	             3A4
               1	             320
               1	             304
               1	             2C0
               1	             29E
               1	             27D
               1	             25D
               1	             1A2
               1	             180
               1	             153
               1	             131
               1	             112
               1	              81
               1	              65
               1	              46
