               7	            12D0
               7	            12AC
               7	             526
               7	             508
               7	             4EE
               7	             380
               7	             366
               7	             343
               7	             15E
               7	             13A
               7	             11F
               7	               0
               6	             565
               6	             322
               6	             308
               6	             182
               6	              1E
               4	             19D
               2	             F18
               1	            1226
               1	            11DE
               1	            1185
               1	            110D
               1	            10A3
               1	            100A
               1	             E25
               1	             D31
               1	             C3C
               1	             B46
               1	             A4F
               1	             9A3
               1	             8E4
               1	             812
               1	             72D
               1	             635
               1	             615
               1	             5F3
               1	             5CF
               1	             5A9
               1	             581
               1	             542
               1	             4CB
               1	             499
               1	             467
               1	             435
               1	             403
               1	             3D1
               1	             3A0
               1	             2D1
               1	             29F
               1	             279
               1	             253
               1	             22A
               1	             1FE
               1	             1CF
               1	              F5
               1	              C5
               1	              96
               1	              68
               1	              3B
