               7	             5EE
               7	             5DA
               7	             25C
               7	             24A
               7	             23C
               7	             22F
               7	             191
               7	             182
               7	             16D
               7	             150
               7	             143
               7	             135
               7	              AB
               7	              9B
               7	              8A
               7	              74
               7	              64
               7	              10
               7	               0
               6	             280
               6	             15E
               5	             48F
               4	             596
               4	             2B1
               4	             2A0
               3	             21E
               3	             1F0
               3	              20
               1	             560
               1	             509
               1	             414
               1	             398
               1	             32E
               1	             28D
               1	             26C
               1	             20A
               1	             1D6
               1	             1BC
               1	             1A3
               1	             10D
               1	              F3
               1	              DC
               1	              C5
               1	              4F
               1	              37
