               7	             791
               7	             764
               7	             73E
               7	             525
               7	             4B9
               7	             1BC
               7	             165
               7	             13A
               6	            18FC
               6	            18D0
               6	             849
               6	             4FE
               6	             4DC
               6	             191
               6	               0
               2	             1E4
               1	            17F8
               1	            170D
               1	            160F
               1	            158A
               1	            14D3
               1	            143D
               1	            12FA
               1	            11B6
               1	            1071
               1	             F60
               1	             E3C
               1	             D06
               1	             BC0
               1	             A79
               1	             931
               1	             901
               1	             8C0
               1	             86E
               1	             81A
               1	             7EC
               1	             7BC
               1	             70B
               1	             6D5
               1	             695
               1	             656
               1	             615
               1	             5D3
               1	             591
               1	             553
               1	             445
               1	             3E2
               1	             3A9
               1	             36D
               1	             32E
               1	             2EC
               1	             2AA
               1	             268
               1	             226
               1	              FD
               1	              C3
               1	              8C
               1	              5A
               1	              26
