               7	            18CC
               7	             737
               7	             70C
               7	             6E9
               7	             508
               7	             4DB
               7	             168
               7	             142
               6	            18F8
               6	             762
               6	             4B4
               6	             48F
               6	             1C2
               6	             196
               6	               0
               2	             1E8
               1	            1858
               1	            17D3
               1	            173D
               1	            1665
               1	            157A
               1	            14C3
               1	            1380
               1	            123C
               1	            10F7
               1	             FB1
               1	             E7B
               1	             D34
               1	             BEC
               1	             AEE
               1	             9DD
               1	             8B9
               1	             878
               1	             84A
               1	             81A
               1	             7E8
               1	             7B8
               1	             789
               1	             6B6
               1	             674
               1	             632
               1	             5F0
               1	             5B0
               1	             56F
               1	             530
               1	             42C
               1	             3DA
               1	             398
               1	             356
               1	             314
               1	             2DE
               1	             2A5
               1	             269
               1	             22A
               1	             108
               1	              D1
               1	              9D
               1	              5F
               1	              22
