               7	            12B4
               7	             5B8
               7	             59C
               7	             578
               7	             55E
               7	             3A6
               7	             382
               7	             332
               7	             150
               7	             10B
               7	              ED
               7	               0
               6	            12D7
               6	             6C1
               6	             368
               6	             34D
               6	             12F
               4	             16E
               2	             E56
               1	            122E
               1	            1195
               1	            10E9
               1	            102A
               1	             FB2
               1	             F48
               1	             D63
               1	             C6F
               1	             B9D
               1	             AB8
               1	             9C3
               1	             8CD
               1	             7D6
               1	             6DE
               1	             6A1
               1	             67E
               1	             658
               1	             621
               1	             5FF
               1	             5DB
               1	             53B
               1	             515
               1	             4EC
               1	             4BA
               1	             489
               1	             459
               1	             427
               1	             3F5
               1	             3C6
               1	             2D9
               1	             291
               1	             265
               1	             236
               1	             204
               1	             1D2
               1	             1A0
               1	              BF
               1	              92
               1	              6C
               1	              44
               1	              1A
