               7	             5DD
               7	             2B8
               7	             28F
               7	             27A
               7	             26A
               7	             25C
               7	             1AB
               7	             195
               7	             17A
               7	             16A
               7	             15D
               7	              B1
               7	              A2
               7	              93
               7	              7F
               7	              6F
               7	              22
               7	              12
               7	               0
               6	             5EE
               6	             188
               5	             45E
               4	             599
               4	             2EA
               4	             2D9
               3	             24B
               3	             206
               3	              30
               1	             542
               1	             4D8
               1	             3E3
               1	             367
               1	             2C5
               1	             2A1
               1	             237
               1	             220
               1	             1EC
               1	             1D3
               1	             1BB
               1	             127
               1	             10D
               1	              E5
               1	              CB
               1	              5C
               1	              47
