               7	             6CD
               7	             6AA
               7	             681
               7	             662
               7	             45D
               7	             3FF
               7	             182
               7	             137
               7	             111
               7	               0
               6	            1679
               6	            1651
               6	             6F5
               6	             43B
               6	             41E
               6	             15E
               3	             1A5
               1	            15C3
               1	            1543
               1	            1494
               1	            13D2
               1	            12FD
               1	            1215
               1	            10FB
               1	             FE0
               1	             EC4
               1	             DA7
               1	             C89
               1	             B6A
               1	             A4A
               1	             94F
               1	             841
               1	             81A
               1	             7F1
               1	             7C9
               1	             79E
               1	             751
               1	             715
               1	             637
               1	             609
               1	             5D8
               1	             59E
               1	             564
               1	             52B
               1	             4F3
               1	             4BC
               1	             486
               1	             3A1
               1	             332
               1	             2F8
               1	             2BE
               1	             284
               1	             24A
               1	             216
               1	             1DF
               1	              E6
               1	              B9
               1	              8A
               1	              58
               1	              23
