               7	             791
               7	             764
               7	             73E
               7	             525
               7	             4DB
               7	             1BC
               7	             165
               7	             13A
               6	            18FC
               6	            18D0
               6	             80E
               6	             4FE
               6	             4B9
               6	             191
               6	               0
               2	             1E4
               1	            184B
               1	            17B5
               1	            16DD
               1	            15F2
               1	            153B
               1	            143D
               1	            12FA
               1	            11B6
               1	            1071
               1	             F2B
               1	             DF5
               1	             CAE
               1	             B66
               1	             A55
               1	             931
               1	             8F0
               1	             8C2
               1	             892
               1	             862
               1	             833
               1	             7BC
               1	             70B
               1	             6D5
               1	             693
               1	             651
               1	             611
               1	             5D0
               1	             591
               1	             553
               1	             445
               1	             403
               1	             3A0
               1	             35E
               1	             31C
               1	             2DA
               1	             2A1
               1	             265
               1	             226
               1	             108
               1	              CE
               1	              97
               1	              63
               1	              26
