               9	              65
               7	             316
               7	             30A
               7	             2FB
               7	             143
               7	             138
               7	             12F
               7	             125
               7	              D6
               7	              C9
               7	              BC
               7	              B2
               7	              A8
               7	              9E
               7	              95
               7	              58
               7	              4C
               7	              3B
               7	              30
               7	               7
               7	               0
               6	             25B
               6	             15D
               5	             2CD
               5	             173
               5	             167
               4	             119
               4	             107
               4	               F
               1	             2AD
               1	             208
               1	             1C7
               1	             14F
               1	              F5
               1	              E3
               1	              86
               1	              77
               1	              1F
