               7	             7FA
               7	             762
               7	             73B
               7	             713
               7	             6F0
               7	             44B
               7	             428
               7	             409
               7	              F6
               7	               0
               6	            1678
               6	            1659
               6	             48E
               6	             471
               6	             143
               6	             11F
               3	             165
               1	            15AA
               1	            14E8
               1	            1413
               1	            132B
               1	            1230
               1	            1122
               1	            1008
               1	             EED
               1	             DD1
               1	             CB4
               1	             B96
               1	             A77
               1	             957
               1	             92F
               1	             904
               1	             8C8
               1	             87B
               1	             81D
               1	             78B
               1	             6C5
               1	             697
               1	             666
               1	             632
               1	             5FB
               1	             5C2
               1	             58A
               1	             553
               1	             51D
               1	             4E8
               1	             4B6
               1	             37B
               1	             341
               1	             2C1
               1	             287
               1	             24D
               1	             213
               1	             1D9
               1	             19F
               1	              CF
               1	              A6
               1	              7B
               1	              4E
               1	              1F
