               7	             7E5
               7	             7BA
               7	             78C
               7	             769
               7	             51E
               7	             4AD
               7	             12F
               7	               0
               6	            18FC
               6	            18D1
               6	             812
               6	             4F9
               6	             4D3
               6	             186
               6	             15A
               2	             1AD
               1	            183B
               1	            1784
               1	            16AC
               1	            15C1
               1	            14C3
               1	            13B2
               1	            126F
               1	            112B
               1	             FE6
               1	             EA0
               1	             D59
               1	             C11
               1	             ADB
               1	             9B7
               1	             989
               1	             95A
               1	             919
               1	             8E9
               1	             897
               1	             834
               1	             736
               1	             700
               1	             6C7
               1	             685
               1	             644
               1	             604
               1	             5C5
               1	             587
               1	             54A
               1	             439
               1	             3B4
               1	             372
               1	             330
               1	             2EE
               1	             2AC
               1	             270
               1	             231
               1	             1EF
               1	              FF
               1	              CD
               1	              96
               1	              62
               1	              28
