               7	             791
               7	             764
               7	             73E
               7	             525
               7	             4DB
               7	             1BC
               7	             165
               7	             13A
               6	            18FC
               6	            18D0
               6	             80E
               6	             4FE
               6	             4B9
               6	             191
               6	               0
               2	             1E4
               1	            17F8
               1	            170D
               1	            1688
               1	            15F2
               1	            153B
               1	            143D
               1	            12FA
               1	            11B6
               1	            1071
               1	             F2B
               1	             DF5
               1	             CE4
               1	             BC0
               1	             A79
               1	             931
               1	             901
               1	             8C0
               1	             892
               1	             862
               1	             833
               1	             7BC
               1	             70B
               1	             6D5
               1	             695
               1	             653
               1	             611
               1	             5D0
               1	             591
               1	             553
               1	             445
               1	             403
               1	             3A0
               1	             367
               1	             32B
               1	             2EC
               1	             2AA
               1	             268
               1	             226
               1	             108
               1	              CE
               1	              91
               1	              5A
               1	              26
