               7	             68B
               7	             67A
               7	             2D3
               7	             2AA
               7	             295
               7	             285
               7	             277
               7	             1C4
               7	             1B4
               7	             19E
               7	             17A
               7	             16A
               7	             15D
               7	              B1
               7	              A2
               7	              93
               7	              7F
               7	              6F
               7	              22
               7	              12
               7	               0
               6	             6A2
               6	             191
               5	             4FB
               4	             636
               4	             305
               4	             2F4
               3	             266
               3	             221
               3	              30
               1	             696
               1	             5DF
               1	             575
               1	             4A7
               1	             479
               1	             3FE
               1	             382
               1	             2E0
               1	             2BC
               1	             252
               1	             23B
               1	             207
               1	             1EE
               1	             1D6
               1	             188
               1	             127
               1	             10D
               1	              E5
               1	              CB
               1	              5C
               1	              47
