               7	             631
               7	             61F
               7	             609
               7	             255
               7	             247
               7	             237
               7	             229
               7	             187
               7	             177
               7	             165
               7	             156
               7	             13C
               7	             125
               7	              B5
               7	              A5
               7	              91
               7	              7C
               7	              6E
               7	              1C
               7	               F
               7	               0
               6	             2A9
               6	             149
               5	             4ED
               4	             5C5
               4	             2B8
               4	             298
               3	             218
               3	             1E5
               3	              26
               1	             58F
               1	             567
               1	             472
               1	             3F6
               1	             39F
               1	             335
               1	             285
               1	             270
               1	             265
               1	             20A
               1	             1FF
               1	             1CB
               1	             1B1
               1	             197
               1	             130
               1	             111
               1	              FA
               1	              E6
               1	              CF
               1	              55
               1	              3D
