               E	             11A
               E	              90
               E	              4A
               D	              9E
               B	              3A
               7	             113
               7	              D1
               7	              97
               7	              89
               7	              63
               7	              5E
               7	              55
               7	              50
               7	              45
               7	              30
               7	              29
               7	              1F
               7	              18
               7	               9
               7	               4
               7	               0
               6	              FB
               6	              A6
               5	              82
               5	              78
               5	               F
               1	              6E
