               7	             A88
               7	             A74
               7	             A59
               7	             3B0
               7	             39D
               7	             386
               7	             375
               7	             265
               7	             253
               7	             239
               7	             1F3
               7	             1D4
               7	              F9
               7	              E0
               7	              C6
               7	              B3
               7	              2D
               7	              18
               7	               0
               6	             433
               6	             225
               6	             204
               6	             10C
               4	             866
               3	             9FF
               3	             445
               3	             41D
               2	             35F
               2	             301
               2	              3A
               1	             992
               1	             946
               1	             908
               1	             7EA
               1	             747
               1	             6A3
               1	             623
               1	             590
               1	             4EB
               1	             404
               1	             3EC
               1	             3D2
               1	             3C4
               1	             346
               1	             333
               1	             323
               1	             2DF
               1	             2BD
               1	             29B
               1	             27A
               1	             214
               1	             1E4
               1	             1A7
               1	             18B
               1	             16F
               1	             150
               1	             12E
               1	              93
               1	              74
               1	              58
