               7	             685
               7	             673
               7	             65F
               7	             281
               7	             26F
               7	             261
               7	             254
               7	             1A8
               7	             199
               7	             184
               7	             15B
               7	             14E
               7	             140
               7	              B6
               7	              A6
               7	              95
               7	              7F
               7	              6F
               7	              20
               7	              10
               7	               0
               6	             2B1
               6	             175
               5	             514
               4	             61B
               4	             2E2
               4	             2D1
               3	             243
               3	             207
               3	              2B
               1	             5E5
               1	             58E
               1	             499
               1	             445
               1	             3C9
               1	             35F
               1	             2BE
               1	             2A5
               1	             291
               1	             235
               1	             221
               1	             1ED
               1	             1D3
               1	             1BA
               1	             169
               1	             118
               1	              FE
               1	              E7
               1	              D0
               1	              5A
               1	              42
